PC 1,PC 2,PC3
-0.2533358440602776,1.6831852029514205,-1.0039975091372395
-0.23451194009795276,1.684281655717206,-1.0036619018676156
2.777401792162527,1.562143349640933,1.5436647661613736
-0.1759495948059886,-0.7284014779503577,0.8246661587949965
-0.13761685364235357,-1.9483997168625882,-0.2573457134733317
-0.13253020659713258,0.3473713705262473,-1.5212193695811134
-0.33581504668526124,0.9208447881037999,1.6952451261607124
-0.16188362149926813,-1.66513010399828,0.11190672361093701
-0.13583204835748908,-1.9483628675426399,-0.2573339539076637
-0.15970746602176178,-1.4501765117291423,0.13927696213538965
-0.09744551764514925,-1.5080908583232755,-0.03878140506124511
0.21518662752638146,-1.5880590345585153,0.07078841797164548
-0.29542675454821554,0.6074697755746776,1.3419057378753925
-0.17610019339682428,-0.7284084650153612,0.8246640073807552
-0.13382924775778823,0.3473067605402026,-1.5212392248707705
-0.13238676133885255,1.6854516686618661,2.0155101782778453
-0.2165455415447283,-0.4150406087021188,1.178001232703962
-0.1333912954706974,0.34731939012730656,-1.521235266919691
-0.25295034906505176,1.683205186677143,-1.0039913747367466
-0.24460407678792576,1.6837976069973493,-1.0038108049536771
-0.07278028027449215,-1.600264034973724,0.06701994298780307
2.9869536969710984,0.4046776253825083,-1.5027880577786172
-0.1726476913449889,-0.728232483434496,0.8247180524953112
-0.1302754123645053,0.34745968948776174,-1.5211920284771712
-0.13316531812989033,0.3473200970914473,-1.521234961338942
-0.25164475993717766,1.6833038074504965,-1.003961350074832
-0.1963766461387349,-0.756414525096012,0.5747377874601305
-0.21313862713044338,0.01804555074128286,0.3257664014807102
-0.1332281553947443,0.34733749193982294,-1.5212297878095786
-0.2533311960219261,1.6831853186545682,-1.003997472612153
-0.13380929974826228,0.3473081595973475,-1.5212387983389346
-0.25331343811923535,1.6831863538026832,-1.0039971557749312
-0.1339077584231264,0.3473045601834455,-1.5212399153560225
-0.21664634578609035,-0.415046837403242,1.1779993287514696
0.7406940680395054,0.39182599912361304,-1.5075666029936259
-0.33367787333671317,1.353876224305408,0.8429934072538061
0.24121677707209835,-1.584363789529034,0.07190387229640101
0.25229850279362775,-0.7071902208821259,0.8311853296478672
0.1479512836667173,0.3614000717360617,-1.5169088686983268
-0.133621169484492,0.3473213541463748,-1.52123477570466
-0.128634915793109,0.3475538027464398,-1.521163211534146
-0.1335511913536212,0.34732163535376787,-1.5212346624580548
-0.16535353355519627,-1.7770062063028986,-0.23396805331216947
-0.1277328937561025,0.34774316222791407,-1.52110623121559
-0.1339721710791375,0.3473008435125378,-1.5212410532238974
-0.18574221409231556,-0.8142708480079655,0.06026106339229694
-0.1103835801357709,0.34836243533892014,-1.5209138794378254
-0.13260780595230326,0.3473718166359743,-1.521219268593876
-0.13291954640271483,0.3473490080986993,-1.5212262166363326
-0.2511338478935565,1.6832891670353385,-1.003965513351832
-0.19379568766545385,-0.41343663149226345,1.1784901886817392
1.8472239697036652,0.4481497507655334,-1.4902685617393998
-0.33569659895260684,0.920853095456292,1.695247658830896
-0.17590614134076873,-0.728398430333957,0.8246670879246067
-0.12984079787478262,0.3474836850929592,-1.52118467434245
-0.13365106613035935,0.34731967795088386,-1.52123528922925
-0.13405304741390156,0.3472993293183875,-1.521241539585356
-0.3172338969467855,0.9189679244626727,0.6590510535779006
-0.13321356117466995,0.34734110899547804,-1.5212287004977125
-0.19619519809160404,-1.3441993295596977,0.21970010276962934
0.15853431965334894,0.36782056342093583,-1.5149852154829138
-0.13391815909108878,0.3473051514493384,-1.5212397429504287
-0.2537840085442715,0.60938210815823,1.3424947486581074
-0.13372534949893758,0.34731607480785576,-1.52123639727786
-0.17742651698868556,1.487044793326977,1.51998358381489
0.020349789764186266,0.3518198020823959,-1.519825862304667
-0.1759934412959446,-0.7284045531316162,0.8246652212616636
-0.12674070927511422,0.34767100335089396,-1.5211273874098707
-0.1781263889081109,1.4869957076872258,1.5199686190308388
-0.31052232571972904,0.5213686422630516,0.5774291510779052
-0.24686226437897466,1.6834625719916705,-1.003911896824087
-0.2515230094508349,1.6832711265634661,-1.0039710683963512
0.14950820433113912,1.7114387409186373,-0.9953838270806641
-0.13389334087597365,0.34730226535812375,-1.5212405953210575
-0.13171451646889604,0.34735875766913593,-1.5212227996533705
-0.13331135758932533,0.3473303804055246,-1.5212319483205283
-0.2161645044323928,-0.4150054723773027,1.1780118947209288
-0.336117936380052,0.9208327979035137,1.69524141567055
-0.16140806709983913,-0.7277462750991381,0.8248680797443428
-0.11031936699297261,-1.6020976844868624,0.0664561640471384
-0.17538625928227422,-0.7283729092347196,0.8246749336301205
-0.16530297171865121,-0.45743539797874283,0.591997948260296
-0.3360170077986221,0.9208356708578006,1.6952423165615766
-0.17571009213626104,-0.7283935132197902,0.8246686395376833
-0.17568510441658708,-0.7284077439199741,0.8246643960616608
-0.17636183234501376,-0.7284216626240141,0.824659953172376
-0.21684472057919138,-0.41505317945599546,1.177997350220053
-0.22523012740462175,1.6844834247215097,-1.0035977169437458
-0.2518327616747474,1.6832485608149297,-1.0039779430341593
-0.13357412714495506,0.3473238122470895,-1.521234021298575
-0.13363917266858913,0.34732892432105933,-1.521232520306521
-0.18372156657270122,-1.150121804252681,0.3360404509457723
-0.1302783415181277,0.3474529978928348,-1.5211940299773226
-0.3359777425503042,0.9208403174824082,1.6952437219262946
-0.11086088232076236,-1.6020936026585535,0.06645715834470776
-0.17546226523829137,-0.7283773936698807,0.8246735614236569
-0.17787990010131385,1.4870129952228985,1.5199738894977095
-0.24317452618632784,1.6834772577719141,-1.0039059687843714
4.418610805272901,-1.3715206407771048,-0.009357990978133744
0.5661208296066409,-1.5683327745158158,-0.06979668781136432
-0.12117333673335735,-1.457385047767658,1.2303801463794082
-0.19351753115781437,-0.7049175947135319,0.5664497143065402
-0.13228770568955753,0.3473794950654309,-1.5212168398172683
-0.2945329955571562,0.6075131114118417,1.3419190647731107
-0.3330279110890802,1.3539236517977922,0.8430078555611142
-0.11472144917992025,0.34794909568152876,-1.5210392458572115
-0.13370563574527608,0.3473242629215253,-1.5212339414316762
-0.13083714302989152,0.34745546137785593,-1.521193526651272
-0.1782093379835545,1.4869848427071901,1.519965336630382
-0.13405533586087448,0.3472986312768905,-1.521241749201206
-0.12761542589373925,0.347541095353298,-1.521166584863279
-0.13068631585891613,0.3474687256898249,-1.5211894987218098
-0.25331567443224523,1.6831866175694852,-1.0039970778614358
-0.17815586319596402,1.4869894343928063,1.5199667314991276
-0.11506074177000433,0.3482113148213261,-1.5209610037729315
-0.14183659906757004,-2.061268997966053,0.08463121302525893
-0.21666179477000994,-0.4150487621424523,1.1779987469571225
-0.11134028285933324,-1.6021272254993615,0.06644690771836492
-0.19677537804096482,-0.6766361000982367,1.1599203345728843
-0.13391245324994755,0.3473083397181294,-1.521238787520481
-0.2530138232391367,1.6831993757356774,-1.0039931382409617
0.01055135667480849,0.35323564229742066,-1.5194067204572945
-0.13809692539118087,-1.4789577327831371,-0.7134411102949275
-0.1340656477286014,0.3472987528587015,-1.5212417171584276
-0.1760246867682616,-0.7284067445382945,0.8246645531654978
0.6136694803758772,0.361045335012988,-1.5168206630668801
-0.336097159902148,0.9208342554860446,1.6952418600425727
-0.1981256679682381,-0.4169203712549868,0.14180622630062825
-0.21615031986963404,-0.41501835770375367,1.1780080489035725
-0.16772111141775237,-1.4651882331885786,-0.20882444781749002
-0.1757270297676822,-0.7283996475289864,0.8246667987808685
-0.3917960155832783,3.056198637784637,2.269345866001211
-0.2164726343289715,-0.41503591595276906,1.1780026658880955
-0.21685678725282923,-0.41505402575426625,1.1779970922083218
-0.1319229290743987,0.34736086410817263,-1.5212222569143174
-0.13100820540262056,0.34740829491958025,-1.5212076971863526
-0.13189226204785953,0.3474093831029179,-1.5212077406306608
-0.13881497944291435,-1.9484908586423073,-0.2573734576628753
-0.17761163452937875,1.4870107795254373,1.5199733390625774
0.44894607491116284,-2.087041367220481,-0.4969787394603044
-0.2869038726703386,0.6076561718238775,1.3419650109734416
-0.13518277511488114,1.6853917223699026,2.015491092710696
-0.21651321976968732,-0.4150366593647307,1.1780024267367495
-0.1759074038148071,-0.7283985188777949,0.8246670609301655
0.0606823692901794,0.45864484375249354,1.3733080345051685
-0.12948663547164163,0.34753183493370826,-1.521170133482106
-0.10220491844767272,-0.555880857234985,-0.036498595759942944
-0.2953940380351792,0.6074720701530546,1.3419064374256084
0.030779678280492752,0.9353980045945272,1.699748333960516
-0.13243680662094207,0.34737792114994964,-1.5212173724864522
-0.2954674529844894,0.6074717582093017,1.341906313557715
0.29814799703714634,-0.7042379788280327,0.8320869489270871
-0.15574741329832026,1.3488657236506443,1.8948318826873114
-0.2528708244920491,1.6832001515357062,-1.0039928466927963
-0.13172632702373555,0.3473701049154199,-1.5212194126149492
-0.2155586951028434,-0.4149983151584081,1.1780142868606898
-0.142407135317888,-1.8969637696716672,-0.36247371276091916
-0.1327021421106105,0.3473238327135961,-1.5212336514871114
-0.16021558629462035,-1.3283758716703813,1.0676315296103571
-0.3328539148077805,0.920900206422387,1.6952629270764685
1.1786076125127423,0.3977230928876536,-1.5056211720314185
-0.29523801892102264,0.6074754415828404,1.3419075103004736
-0.08711516136063453,0.34968863874917533,-1.5205077404336003
-0.1649941953816729,-1.7769894162772586,-0.23396288449500469
-0.13382634781154917,0.347307384539448,-1.5212390371328801
-0.1706034133625326,-1.495723001403307,-0.210419883964786
-0.21647048923334997,-0.4150374479501416,1.1780022088319773
-0.33365937802156553,0.9209736839200043,1.6952845553171103
-0.2937966066127053,0.6074996791414138,1.3419153566830482
-0.2911272631309425,0.6075597538221408,1.3419344277961631
-0.2922399462819999,1.3392549409330181,1.8919020596573928
-0.3346530844004791,0.9208770710444519,1.6952552609462823
-0.13406571399267897,0.3472987494857102,-1.521241718194334
-0.16251025654611062,-1.8266643097253499,0.5156028656289479
-0.2259072409466801,1.6842676908415573,-1.003662487397072
-0.25291331827235225,1.6831961898014325,-1.0039940486739214
-0.25114891172768666,1.6832965227508405,-1.0039633208347292
-0.0573837663938571,0.151128664803032,1.0027308264200627
-0.2166391839132451,-0.41504927938108704,1.177998601772764
-0.20249315954205405,-0.41432297163883874,1.178221612722552
-0.15676143416013913,-1.4500451806384467,0.13931744890395337
-0.33549770300898396,0.9208552679499539,1.695248391198322
-0.25201118801739036,1.6832402529621866,-1.0039805008701692
0.3901248422223931,-1.5764743799772114,-0.07230381484645232
-0.2954444111465518,0.6074689578370658,1.341905486069644
-0.17620169331913088,-0.7284144211613797,0.8246621846113701
-0.33608454060851367,0.9208338787093935,1.6952417526783246
-0.25312968298338606,1.6831908292811975,-1.003995741305053
-0.0887401761146564,-1.6010468962601525,0.06677927028335175
-0.25330918771729655,1.6831870725163756,-1.0039969391613595
-0.1308480119615947,0.3474405606650207,-1.5211979853655075
-0.13174863171707432,0.3474615177420917,-1.5211920964285313
-0.17615501912928508,-0.7284115271753638,0.8246630691604898
-0.09974241535444578,0.3484023852139887,-1.520897499170257
-0.13368256853094726,0.34731326241442184,-1.5212372201264228
0.13368474029978136,2.3223830655504374,1.9758565905054035
-0.1638127868651781,-1.7769292709782651,-0.23394441287057338
-0.25287518448176755,1.6832175114093768,-1.0039876592281074
-0.3202893091492477,0.9213120253583975,1.6953912701797633
-0.07328555038730267,-1.4617539963567059,-0.43327388298253355
-0.16306286192054398,-1.7768623740436604,-0.23392410298624364
-0.05902333652832935,0.15109674388606573,1.0027206006480947
-0.3208696639099171,2.6089530313131366,1.6864587679422927
-0.16274028943239835,-1.7769495298815121,-0.2339500214186976
-0.22202288123229444,2.302690563088649,1.9698216675634517
-0.13852351410790367,-1.9484743279914303,-0.2573683946879281
-0.159731781944388,-1.4501782171306379,0.13927644220806998
-0.16216657997966216,-1.8591530501160058,-0.6565948326179489
-0.3356220696048547,0.9208549576971006,1.6952482465846153
-0.05010484051588651,0.3489815092748633,-1.5207036818971555
-0.20147435251453757,-0.4141854815012019,1.1782631367579453
1.0954547025935597,1.5759610214328037,1.547093682034174
-0.33603369099709357,0.9208370861371681,1.6952427326642285
-0.16433811540634072,-1.7769560203234065,-0.23395262799994412
-0.2527877646361876,1.683207432267343,-1.0039906356640667
-0.2529608207887496,1.6831938396296615,-1.0039947710093868
-0.21416494438873926,-0.41496113219283565,1.1780259830573083
-0.1649941953816729,-1.7769894162772586,-0.23396288449500469
-0.33554689463840504,0.920847611776327,1.6952460820669568
-0.29529009716042137,0.6074802012865406,1.341908911369075
-0.2527894450752274,1.6832096445944376,-1.0039899750472518
-0.21520080688891355,-0.414970060023233,1.1780228822697003
-0.25295600233616267,1.683200066126783,-1.0039929077501377
-0.24789750164519858,1.6832929473797937,-1.0039630334784622
-0.33606612731476065,0.9208343289069637,1.6952418949331347
0.39012019505403767,-1.5764793326282607,-0.07230529725107468
-0.25205033190737275,1.683214794604198,-1.0039881273112254
0.594840104431906,0.3847448141633771,-1.5097441730289127
-0.2531824605196712,1.6831904926074985,-1.0039958639577267
-0.2532633308866163,1.6831888940358817,-1.0039963755391468
-0.20168448052024573,-0.7566892092370514,0.5746534639449281
-0.31506337020051023,0.6592858175617736,1.6771755543662752
-0.1340448490384265,0.3472993304791796,-1.5212415358189324
0.3902678462541504,-1.5764706595294888,-0.07230264307016351
-0.16833761438716674,-1.4652080062224297,-0.20883061558752092
-0.24894267648958715,1.6832830130430143,-1.0039664390190586
-0.29541788085130205,0.6074708185439737,1.341906053345067
-0.33596416898273623,0.9208396484321262,1.695243527592453
-0.2530108412202229,1.6831995848800965,-1.0039930744789112
0.6032866868374215,-0.3995942201806264,1.182960470499925
-0.25315334276573803,1.6831887773280811,-1.0039963645513077
-0.1604656343897465,-1.6651084662601732,0.11191378307438896
-0.13359201084202157,0.3473090984186218,-1.5212384270743518
-0.1316735687227488,0.34742051508753535,-1.521204321798974
-0.1340090774988449,0.3473015677279626,-1.5212408521316971
-0.05876036376465515,0.15111012979420216,1.0027247117000286
-0.20831607394771642,-0.41487563233695585,1.1780539805049652
-0.15974631720727656,-1.4501775541198187,0.13927663433546023
-0.23146651246772196,1.6842984013663973,-1.0036556259829152
-0.13189441387483147,0.347409232184156,-1.5212077866414024
-0.16801914195208545,-1.4651902968238728,-0.20882518899227306
-0.13330399677649865,0.34733795180854343,-1.5212296819762199
-0.22186769099948606,-2.3081472983737785,-1.4745165391280475
-0.33512431390484504,0.9208604251098516,1.6952500885329815
-0.3742640647451086,2.787336759111208,1.7812240044607
-0.3337036715408398,0.9209558560010043,1.695279207649689
-0.10068765097262125,0.34795754104149335,-1.521030868022922
-0.16300798991711446,-1.7768880903893172,-0.2339317673332132
-0.33500945338231874,0.920868480872733,1.695252544500806
-0.17433024761992505,0.003290892307695349,1.3746340881253214
-0.15666431664280356,-1.776565030954579,-0.2338325512460333
-0.3303822326071391,0.9210247674099313,1.6953011922535697
-0.253089661466214,1.6831935469768924,-1.003994912228087
-0.2530876131918273,1.6831905832097465,-1.003995797314961
-0.24520128433697772,1.6833351107337426,-1.0039493052823893
0.43459177511164293,-0.7171180446767152,0.8282936968080586
-0.3355568900928886,0.9208553229635237,1.695248382957042
-0.1335118695958369,0.34732291247315245,-1.521234264295807
-0.11376816953395624,0.34788135859421176,-1.5210590964990462
-0.13793938527291047,-0.7267783199293573,0.8251672132723026
-0.1650312309217765,-1.7769962198814302,-0.2339649337027367
-0.2521889330444436,1.6832214776184447,-1.003986187406475
1.1546313596588949,1.738009133363374,2.0317576651796934
-0.17459827144678877,-0.7283820274354665,0.8246725366403215
-0.13330610656633365,0.3473219999779873,-1.5212344512414644
-0.16112588826617355,-1.826595187445365,0.515624105340462
-0.1603179177549706,-1.6650644572475015,0.1119270000359429
0.8541116698389087,1.9931149932215857,1.7468856392194767
-0.1876061710939206,-2.098867395085457,-1.045846587211203
-0.0012821296548005433,-2.118761327778636,-0.5066483817953581
-0.1737865082866835,-1.497518620580545,-1.1504462659004029
0.43105650282914854,-1.5744406466903973,-0.07167881106217429
-0.2939795854470801,1.339166579915827,1.8918749208464267
-0.21556567478081715,-0.4150055344554658,1.1780121259282763
-0.2922779337029435,1.3392396583483674,1.8918974754817326
-0.345122653229443,2.3713362281454127,1.524749597302646
-0.13367333956130648,0.34731841998578056,-1.521235674555189
-0.17779857303564242,1.4870060807806813,1.5199718565253153
-0.133398604844876,0.3473142507619851,-1.5212368062480655
-0.2160157847465601,-0.41502027855651547,1.178007530827385
-0.21667165490199114,-0.4150489910124289,1.1779986744298576
0.2773408552279466,1.6993737559239959,-0.9989370235444097
0.39056957393570435,-1.576461695524869,-0.07229983766722554
-0.17787988781319664,1.4870050472989924,1.519971513677488
-0.15825560503717964,-1.8059938273799712,-0.7730564816658468
3.7321036575213147,0.5343312738592171,-1.4637206759868693
-0.1162425832350562,0.3543255812973776,1.744395891442491
-0.14802996659289713,-1.5085615248104665,0.4073340932188544
-0.20623783573825522,-0.4147719358365821,1.178085844685401
-0.3445657396232378,2.3713752873788074,1.5247615053269872
-0.17594865467635593,-0.7284014120142006,0.8246661788970135
-0.335867966217275,0.9208463311624759,1.695245565345971
-0.1336812612506699,0.3473186513215449,-1.5212356087074057
2.257963723521296,-1.5744654070047917,-0.22939164939888976
-0.048731784546606594,0.3488675032922214,-1.5207371883398693
-0.16487595005266006,-1.77699862052357,-0.23396558654671415
1.831067362664084,0.4851239615753106,-1.479222820803623
-0.1337832920247387,0.34731040426460313,-1.521238116506499
-0.1331566261661225,0.3473274364799691,-1.5212327637941334
-0.13281780660363526,0.3473444698732575,-1.5212275307865777
-0.13280310586385924,0.3473455009122184,-1.5212272164527831
-0.2526751616529589,1.6832112447232057,-1.0039894490642143
-0.2532439937822474,1.6831898783382073,-1.0039960732422886
0.3907814752676716,-1.5764615084381375,-0.07229969336123897
-0.16329719114004046,-1.511233376597498,-0.03974824511954327
1.002511622726755,-2.1612074627956357,-0.3758704134315667
-0.335798715722557,0.9208438304236939,1.695244846698561
0.08231718613562555,-1.4420260686506106,0.1418142706374546
-0.3048363961059333,0.5216007672337277,0.5775009103334814
-0.16508979247933908,-0.4121804383148947,1.178877667846041
-0.2531922937566963,1.6831886532817486,-1.0039964178776837
-0.19106387912564887,-0.8145141151166195,0.06018612541405487
-0.18458263956519078,-1.1501569590975014,0.3360295831760553
-0.1595725326431943,-1.4501670481529834,0.13927984730454068
0.6157691559708686,1.7336247593073173,-0.9885574219942616
-0.29354557662031633,0.6075689046598253,1.341936154554457
-0.2766618967269572,1.33988063195099,1.8920955911306578
-0.32494494255909195,0.8765614787470583,1.108660478880802
-0.14099187194311205,-1.8969176359288877,-0.3624593319893666
-0.2531356232481716,1.6831904126596853,-1.003995868320836
-0.31916001190431903,0.5792450364183792,1.091912707738984
-0.1318923994437637,0.3474093734666321,-1.5212077435684843
-0.18253739757142867,-2.082180457687684,-0.622609299555929
-0.25299080221177056,1.683203182427953,-1.0039919907274437
0.020457367336710136,-0.7184031074678328,0.8277368306401849
-0.21160886583655866,-0.4148331757184277,1.178065298427597
-0.19088722141496897,-0.8145092961952487,0.06018763958700828
-0.13664556516685059,-1.9484493664571898,-0.25736014981792804
-0.1910019679752486,-0.8145117919000692,0.06018684570160942
-0.3198402414635568,0.5792571059298118,1.0919160318909962
-0.3344226619060126,0.9208911287114555,1.6952595592267843
-0.15664673303265847,-1.8589236438105898,-0.6565239553076193
0.3399634855029144,1.3710141642085152,1.9016593380446551
-0.1741057883973288,1.4871893648972634,1.5200281847619057
-0.10025100198941846,-1.6016270801066095,0.06660103838233519
-0.25010402414764643,1.6833235389136063,-1.0039548092458939
1.3457536072769332,-1.5451989185501103,-0.06255624802557451
0.39009950576358177,-1.5764772084817098,-0.07230467092188575
-0.05066180482798707,-1.9465072193460913,-0.2567437327007398
-0.17445422827307588,0.0032908345196092635,1.3746340191403683
-0.13318725366652248,0.3473185586387405,-1.5212354303684312
-0.20155537348319594,-0.756682257347414,0.5746555958805623
-0.21128740498171095,-0.41489475220651695,1.1780470258134952
-0.14793301467468245,-1.6645720686705892,0.11207935238840636
0.220540727821771,1.6953900690317167,-1.0001515338242648
-0.25200099508735957,1.6832157311846727,-1.003987826767086
-0.03896610908911721,0.3518657811937804,-1.5198368579282073
-0.33509080828153276,0.9208838055829893,1.6952570914927028
1.3245995034047893,-0.834807490009975,0.869225820263426
-0.2166422687798538,-0.4150473085615084,1.177999189611413
-0.252852865835644,1.683198046181161,-1.0039934685435152
-0.2520807422546325,1.6832437869837145,-1.0039794734764165
-0.19106205609740617,-0.8145114635921692,0.060186918778757474
-0.19102576677976646,-0.8145135451555974,0.06018631168525366
-0.20060046211585114,-0.7566573455720229,0.5746634408895694
-0.18315701272894283,-0.8141585146624033,0.060295720780885825
-0.1329340113379498,0.34735146183011534,-1.521225489190214
-0.23789930071533705,1.6838892977357771,-1.0037805999155123
-0.25326891846464705,1.683188214363439,-1.0039965810400702
-0.2166300666333669,-0.41504695749503456,1.1779992996429691
0.41265411747782976,0.3751280247999901,-1.5126948497304813
-0.21655787105542756,-0.4150427352675352,1.1780005918800067
-0.175925608166102,-0.7283994448535839,0.8246667765409657
-0.22685214944455637,-0.08798927956947732,1.0536519277121879
-0.16282866954806133,-1.826683066483494,0.5155971259775541
-0.1390612264522357,-1.9485016987652881,-0.25737680074238933
-0.13364185802181114,0.34731864131916107,-1.5212355952627878
-0.13370620219780072,0.34731160486305424,-1.52123772546563
9.247854520864603,-1.375842757628659,-0.008635761232088989
-0.19280875012509766,-1.308613781063324,2.06969252417584
-0.24822304746884433,1.6834462081005317,-1.0039173559489682
0.3945074281452188,-1.5763041257337131,-0.07225109384479608
-0.13393977485615527,-0.4109126583648033,1.179269629986442
0.084614129811752,0.3584300478740429,-1.5178230972607096
-0.29537298986788507,0.6074722845369347,1.3419065102890138
-0.14044172707924824,-1.8968553681908518,-0.36244048920872945
-0.16732023136088472,-1.149398834516154,0.33626340474608135
-0.04941117517564805,0.15143545728117724,1.0028258593235544
-0.06338760254242996,-1.2784488710956576,-0.2534944120316731
-0.14678695700374442,-2.1262009939527324,-0.06758607949519946
-0.13358305784701818,0.3473160355036079,-1.5212363496788595
0.21465736976994204,0.36401458504387146,-1.5160995056416255
-0.34528347875591003,2.371336725727132,1.524749678963553
-0.335866375454995,0.920839926318514,1.6952436514477676
-0.3454270825786534,2.3713279158808733,1.524746985593641
-0.20989388944195136,-0.41477598719948927,1.1780831087436268
-0.34614768321283107,1.24789667212253,1.5708959761815207
-0.12959757726824372,-2.0592735426963125,-0.5816204371371058
-0.33588497893072017,0.9208386215604827,1.6952432536649884
-0.25736804166629523,0.5717522492180983,0.9878421749914662
-0.1327199877771359,0.34734123574962156,-1.521228456744857
-0.1503451686482974,-1.0115847673689677,-1.4035443988824852
-0.0828640260659969,-1.947293589251294,-0.25699222867672467
0.3991637679641897,-1.5762568382332467,-0.07223501637684107
-0.1338525824117062,0.3473051239601598,-1.5212397238164301
-0.06228993454569554,-0.7246459974141417,0.8258361680802118
-0.18893105693500203,-2.13313980486933,0.011175273302943281
-0.3252679608012805,0.8765506009142288,1.1086570925086334
-0.20173157542204606,-0.7566912049872332,0.5746528477245991
-0.29352233172346653,1.3391818250455871,1.8918796686964012
-0.2532998414566539,1.6831864661849816,-1.0039971165101733
-0.2532789617986891,1.6831870893614385,-1.0039969215191313
-0.15843012307255944,-1.4501075349968573,0.13929811370033712
-0.126342241228817,0.34763039038295224,-1.5211393614056157
-0.07074947321535648,-1.4616933103663763,-0.4332546847179287
-0.16362937957207394,-1.3321403155170928,-0.1752561479972994
-0.16441572508786864,-1.7769774467103092,-0.23395906523158203
-0.25295623995098293,1.6831992082396106,-1.0039931642923239
-0.19110834504124216,-0.8145147100753597,0.06018592902044711
-0.1767415397513382,-1.2450541094800713,1.152767466564447
-0.2156115377031133,-0.41500875105956053,1.178011145279233
-0.3176617874532444,0.579350114652883,1.091944743036799
-0.16462917466180305,-1.7769890521455327,-0.2339626234019267
0.39030571976352674,-1.5764652272316197,-0.07230100342931484
-0.18718068155716922,-0.9557071131601772,-0.34350168137781695
-0.19241078313589172,1.6853038437338894,-1.0033387854779157
-0.17440132539227493,0.0032973697468478003,1.3746359947418496
-0.16816102629227192,-1.4652024687330627,-0.20882888664637003
-0.1382842813155584,-0.7641306122239354,0.4705989619441527
-0.2109972558223063,-0.6320790507831034,-0.1618620734784034
-0.13333598021825224,0.3473392528905167,-1.5212293063914437
-0.07338213821462893,-1.4617561859009254,-0.43327457777540623
-0.13378337625981054,0.34730619224668696,-1.5212393756149505
-0.2523305629965985,1.6832094413218859,-1.0039898444165973
0.3948138487716228,-1.5763936763932158,-0.07227773488368924
-0.21663898541502055,-0.4150421773811461,1.1780007248139108
-0.29783000558940803,2.300527768772929,1.9691435382389066
0.7445772417945018,-1.2834028739669743,0.2985692036995222
2.452885538368838,-1.509190516230212,-0.05133070151216774
-0.25217499672006133,1.6832245581000351,-1.0039852607638835
-0.030268653365860602,1.694539827214311,-1.000510300831042
-0.21625767690344325,-0.4150380849273555,1.178002107185424
-0.1336167282129251,0.3473119915825628,-1.521237572547454
-0.15671015933095453,-1.9354787443120898,-1.246605560123833
-0.29663049706896755,2.300572989995085,1.9691575562476038
0.40576026310315844,-1.5757941918903575,-0.07209396896157728
-0.2523563086257378,1.6832185715338677,-1.0039871259151145
-0.015178152804136171,0.3495302481511661,1.498254656897556
1.6837582893707916,0.4360962012105926,-1.4939398365928753
-0.19663060301669177,-0.756601842642174,0.5746816878245679
-0.2504297629863893,1.683283868722753,-1.003966803480127
-0.15912555001018272,-1.5111317594418112,-0.03971612937424484
-0.17475730690322366,-0.7283511951851969,0.8246816868088401
-0.16427242396407513,-1.859255772883696,-0.6566264172403072
-0.18731585586933117,-0.9557069514213371,-0.343501689409628
-0.16849376733716012,-1.9592536887975915,-1.041479492074403
-0.21662201707181197,-0.4150463929376239,1.1779994717601057
-0.13383916171032506,0.34730833652284415,-1.5212387579066875
-0.3056852955264705,0.38021697814601874,0.1737540978205061
-0.2016829221525464,-0.7566916236067047,0.5746527428818261
-0.32108436777869287,0.5791920270159985,1.0918960593318296
0.003130527833379267,0.34982137743442765,-1.5204304213579598
-0.30375423743782826,0.1857241582601143,0.8532722382387667
-0.20023046957572846,-0.7566229838602152,0.5746738667495572
-0.13388006330023683,0.34730273169744147,-1.5212404503831325
-0.1222530254764986,0.34770688274281636,-1.5211147904437727
-0.24513389803525365,1.6833398368838262,-1.0039478644166748
-0.14768243874446232,-1.6648701708194777,0.11199034700832611
-0.1673158297074583,-1.4646024542776241,0.8443969205093258
-0.13669536367894852,-0.7640986686873779,0.47060917335116653
3.6104331007612256,-1.1599325918313275,0.3366727474262962
0.40472095858554996,-1.5758670836948827,-0.07211619155293729
-0.2161494933412839,-0.41502755317720724,1.1780053005004376
-0.21608789772269982,-0.4150211301026633,1.1780072462024114
-0.335288730372281,0.9208699242824601,1.6952528594878682
-0.13048514337776249,0.3474407738563078,-1.5211977702897794
-0.16359659705986007,-1.7769713115653887,-0.23395688964184547
-0.13044102685226938,-0.7260841768441306,0.8253778367792182
-0.3038938865222139,1.6873649613340762,2.260760520980218
-0.215986640880193,-0.4150350589866378,1.1780031247573552
-0.21658919230670814,-0.4150457732109993,1.177999670702057
-0.33008892173948884,0.7038118787262942,0.35538354801071315
-0.09247191796854463,1.6868964244893712,-1.0028210416488037
-0.3103938168590166,0.5213704081268655,0.5774297325363733
-0.14251418070234137,-1.5101579283281599,-0.03941809948074253
-0.1866601414660526,-0.9556937385950504,-0.34349746628862265
-0.1344959681631471,-1.634019147339298,0.11010462222147455
-0.04001177115054344,-1.4449694440131713,0.1408834032433045
-0.1381051603203521,-0.7641302472607542,0.470599145749433
-0.16606222862078182,-1.9591613860508776,-1.0414508864035752
-0.07269339238441466,-1.4617387955004397,-0.43326909210016235
-0.16000964671119888,-1.5110484870975436,-0.039691606015687685
-0.17594869693190698,-0.7284014149778013,0.824666177993498
-0.20144552683804334,-0.7566821242318351,0.5746556814876026
-0.20557795209338234,-0.459319604574535,0.5914179154879654
0.3735704981883454,-0.08553991239163755,0.7326422128358462
0.019631311605332293,-0.3984678914862139,1.1830537221886166
0.4812642069505364,-1.5734766354862082,-0.07136970398439543
-0.3202834343328426,0.5792276541965171,1.0919070432106146
-0.1633748966996619,-1.4419598577049815,-0.21133800211516024
-0.16295252302246568,-1.441965616251646,-0.21133954731653923
-0.16340578212381754,-1.4419638025394466,-0.21133919420283387
-0.10660280943222825,-1.440913581633869,-0.21100156617464733
-0.15894101412022724,-1.4501580878153024,0.1392827891627815
-0.16325523185520913,-2.5175155681815067,0.010302732274952757
-0.132619002544667,0.3473500008106326,-1.5212257945379875
-0.25296209568894784,1.6832025830454695,-1.0039921579241493
-0.15735324079577034,-1.450113101471845,0.1392968989007579
-0.32080186706864955,0.5792060000693997,1.0919003540404362
-0.15938295786593654,-1.4501579104531694,0.13928265785163654
-0.20181567415040147,-0.7566977249293577,0.5746508636808269
0.7782112460969193,1.7240712356012942,-0.9913454472157858
-0.18475872054506717,-1.1501729678836559,0.33602472432431013
-0.19587245693752928,-0.6766148346691186,1.1599270679169553
-0.21669136117601961,-0.4150507096042183,1.1779981524822667
-0.2523707759847352,1.6832175568631076,-1.0039874352587201
-0.251063882780376,0.5720093236633493,0.9879216500995494
-0.2449440893006749,2.302137031327569,1.9696466434899624
-0.3324924316038182,0.9209104171139935,1.695266130067334
-0.17512784975915033,-0.7283619309907727,0.8246783230701346
-0.05904486268140278,0.1510954024421053,1.0027201906799994
-0.17383845024853717,-0.7283152422748501,0.8246928172403191
-0.33554740923568727,0.92086019401518,1.6952498429857137
-0.1428000830728555,-1.858162812092177,-0.6562907491773152
0.07959671335679223,-1.9373715153398365,-0.2539585222338194
0.2416399714226524,1.703179033292233,-0.9978144251160795
0.664010731515,0.362010300340527,-1.5165112150780051
-0.332784594001677,0.9210665828761428,1.6953126899072677
-0.10627235986779326,-0.810238334582808,0.06149962434156076
-0.2516617007632567,1.6832184971011959,-1.0039868584529894
-0.10661380455804295,-1.4409143527789456,-0.21100180127435494
-0.2526121127221436,1.6832131412724785,-1.0039888558432029
-0.17613558679586253,-0.7284145225311702,0.8246621818816698
-0.253203496469807,1.6831944851905458,-1.0039946792525805
-0.32605790017692526,0.921328055222948,1.6953936558875393
-0.1152301288157122,0.34819943483118315,-1.520964625636432
-0.1545182258755608,1.6856993783640617,-1.0032047461879847
-0.047557722198851474,0.6247834509588753,1.3471845942073781
-0.3211985922254552,0.9214585581341908,1.6954346930957636
-0.1757093839870144,-0.7283934635536181,0.8246686546794543
-0.2523894310700507,1.6832452706449446,-1.0039791587245006
0.6788379063627157,0.38328159630679487,-1.510146529606677
-0.24452879650973655,1.6836346423898687,-1.0038594875904632
-0.21264158686936693,0.018071577915964174,0.3257743889373154
-0.3316603245608556,0.9210579466208976,1.6953105772412056
-0.2506114798103013,1.6833089789721263,-1.0039593732152066
-0.1653059226298974,-1.777006652601374,-0.23396816686360977
-0.13396912643173997,0.34730367990100486,-1.5212402040893784
-0.1316423768639133,0.3473924187414847,-1.5212127074619017
-0.21649492117044744,-0.4150355881172765,1.1780027545904483
-0.29374369557213065,0.6075529064973735,1.341931289686643
-0.16172048448572696,-1.8591364501937444,-0.6565896844419084
0.08468930538592936,0.3584316039607766,-1.5178226007542652
-0.247434567613475,1.6834729067248941,-1.003909046224291
-0.31009279971845677,0.5213750454638556,0.5774312442980829
-0.11216648922821466,-1.6021863493386925,0.06642888958292156
-0.17833175241086732,1.4869812540086405,1.5199642128247397
-0.11786949649246213,-1.9513699002219125,-0.8617655138546468
-0.07129498658278058,-1.461693715051353,-0.43325503321446596
-0.35598813685426256,2.1501555950167033,1.5264344769031126
-0.15064545739801935,-1.85829243778824,-0.6563327696140131
-0.13856107676276133,-1.9484762400154498,-0.25736898190472113
-0.1492460392835959,-1.8581942893534773,-0.6563028470106074
-0.15449729261444847,-0.7273086951520336,0.8250017652936683
0.7723000437163643,-0.10024957648251155,0.0920305801983637
-0.17649884065099275,-1.7159495527313529,-0.6422014612884369
-0.16523384086076737,-1.7770014432491177,-0.23396657959874215
-0.12642176420756207,0.3474565686219108,-1.5211913540727748
35.50348778270161,1.5828323241638884,1.12261161541486
-0.15973903923315835,-1.450174520011783,0.1392775443387717
-0.14356224952082253,-1.7758984817847636,-0.23362783898969625
-0.13262796016788533,-0.7261954966948282,0.8253436484609707
-0.25109874542242205,1.6832369495223336,-1.0039811077798302
0.41478651596015215,-1.5753294720991993,-0.07195128832271788
-0.15970865493151032,-1.4501765951135352,0.13927693671391286
-0.13406930418541504,0.34729833636072016,-1.5212418431847379
-0.2522277514203309,1.683220858139884,-1.0039863887741314
